174 199
63 3 55 3 6 0 50 3 
63 3 53 3 4 0 3 1 1 0 50 3 
63 3 52 3 2 0 2 1 1 0 3 1 1 0 50 3 
63 3 50 3 3 0 3 1 1 0 3 1 1 0 50 3 
63 3 47 3 4 0 4 1 2 0 3 1 1 0 50 3 
63 3 47 3 1 0 7 1 1 0 4 1 1 0 50 3 
63 3 46 3 1 0 7 1 1 0 5 1 1 0 50 3 
63 3 45 3 1 0 8 1 1 0 5 1 1 0 50 3 
63 3 43 3 2 0 9 1 1 0 5 1 1 0 50 3 
63 3 42 3 1 0 10 1 1 0 5 1 1 0 51 3 
63 3 41 3 2 0 10 1 1 0 5 1 1 0 51 3 
63 3 40 3 1 1 1 0 11 1 1 0 5 1 1 0 51 3 
63 3 40 3 1 0 11 1 1 0 5 1 2 0 51 3 
63 3 39 3 1 0 12 1 1 0 5 1 1 0 52 3 
63 3 38 3 2 0 11 1 1 0 6 1 1 0 52 3 
63 3 37 3 2 0 12 1 1 0 6 1 1 0 52 3 
63 3 35 3 3 0 12 1 1 0 6 1 1 0 53 3 
63 3 35 3 1 0 1 1 1 0 11 1 1 0 6 1 1 0 54 3 
63 3 33 3 2 0 2 1 1 0 10 1 1 0 7 1 1 0 54 3 
63 3 33 3 1 0 2 1 2 0 10 1 1 0 7 1 1 0 54 3 
63 3 30 3 4 0 2 1 1 0 9 1 3 0 5 1 3 0 54 3 
63 3 29 3 1 0 5 1 2 0 9 1 1 0 7 1 1 0 56 3 
63 3 28 3 2 0 5 1 1 0 9 1 1 0 8 1 1 0 56 3 
63 3 28 3 1 0 6 1 1 0 8 1 1 0 8 1 1 0 57 3 
63 3 25 3 3 0 7 1 1 0 6 1 3 0 7 1 2 0 57 3 
1 0 63 3 23 3 2 0 8 1 2 0 5 1 1 0 10 1 1 0 58 3 
6 0 63 3 17 3 2 0 9 1 1 0 6 1 1 0 10 1 1 0 58 3 
3 0 3 1 2 0 63 3 14 3 1 0 2 1 1 0 7 1 2 0 5 1 1 0 10 1 1 0 59 3 
1 0 1 1 1 0 5 1 5 0 63 3 6 3 3 0 2 1 2 0 7 1 1 0 5 1 2 0 9 1 2 0 59 3 
1 0 2 1 1 0 9 1 2 0 63 3 4 3 1 0 4 1 1 0 8 1 1 0 4 1 1 0 7 1 4 0 61 3 
1 0 2 1 1 0 10 1 2 0 63 3 2 3 2 0 3 1 1 0 9 1 1 0 3 1 1 0 7 1 2 0 2 1 1 0 61 3 
1 0 3 1 1 0 11 1 2 0 62 3 1 0 5 1 1 0 8 1 2 0 2 1 2 0 6 1 2 0 2 1 1 0 62 3 
2 0 2 1 2 0 11 1 4 0 42 3 2 0 12 3 3 0 6 1 1 0 8 1 1 0 1 1 3 0 5 1 3 0 2 1 2 0 62 3 
1 3 1 0 4 1 1 0 9 1 2 0 2 1 2 0 40 3 3 0 11 3 1 0 7 1 3 0 8 1 1 0 1 1 1 0 5 1 3 0 3 1 1 0 63 3 1 3 
1 3 1 0 4 1 1 0 9 1 1 0 4 1 2 0 38 3 1 0 2 2 1 0 10 3 2 0 6 1 2 0 10 1 2 0 11 1 1 0 63 3 2 3 
2 3 1 0 3 1 1 0 9 1 1 0 5 1 1 0 35 3 3 0 3 2 1 0 9 3 2 0 7 1 1 0 11 1 1 0 6 1 1 0 4 1 1 0 63 3 3 3 
2 3 1 0 3 1 3 0 7 1 1 0 6 1 3 0 32 3 1 0 5 2 1 0 7 3 3 0 7 1 1 0 10 1 3 0 4 1 3 0 3 1 2 0 63 3 3 3 
2 3 1 0 5 1 1 0 7 1 1 0 8 1 2 0 30 3 1 0 6 2 1 0 7 3 1 0 7 1 3 0 9 1 1 0 2 1 6 0 4 1 1 0 63 3 5 3 
2 3 1 1 1 0 4 1 2 0 6 1 1 0 9 1 1 0 28 3 1 1 1 0 7 2 1 0 1 1 4 3 1 1 2 0 7 1 1 0 10 1 1 0 12 1 1 0 1 1 63 3 5 3 
3 3 2 0 4 1 2 0 5 1 1 0 9 1 3 0 26 3 1 0 7 2 2 0 4 3 4 0 6 1 1 0 9 1 2 0 13 1 63 3 7 3 
4 3 1 0 6 1 1 0 4 1 1 0 9 1 1 0 1 1 1 0 26 3 1 0 6 2 2 0 4 3 2 1 2 0 7 1 1 0 8 1 1 0 14 1 1 2 63 3 7 3 
4 3 2 0 5 1 1 0 4 1 1 0 9 1 1 0 2 1 1 0 24 3 1 0 6 2 2 0 5 3 1 2 1 1 1 0 7 1 1 0 8 1 1 0 14 1 1 0 63 3 8 3 
5 3 1 0 6 1 1 0 3 1 1 0 9 1 1 0 2 1 1 0 23 3 2 0 4 2 3 0 6 3 2 1 1 0 7 1 1 0 7 1 2 0 13 1 1 0 63 3 9 3 
5 3 2 0 5 1 2 0 2 1 1 0 9 1 1 0 3 1 1 0 22 3 1 0 5 2 1 0 6 3 3 0 1 1 1 0 7 1 1 0 5 1 3 0 13 1 2 0 63 3 9 3 
6 3 1 0 7 1 1 0 1 1 1 0 9 1 2 0 3 1 1 0 20 3 1 0 5 2 1 0 7 3 1 0 2 1 2 0 7 1 1 0 4 1 1 0 15 1 1 0 63 3 11 3 
6 3 1 0 7 1 1 0 1 1 1 0 10 1 1 0 3 1 1 0 20 3 1 0 4 2 2 0 7 3 1 0 2 1 1 0 8 1 1 0 4 1 1 0 14 1 1 0 63 3 12 3 
6 3 3 0 6 1 2 0 10 1 1 0 4 1 1 0 19 3 1 0 3 2 2 0 7 3 1 0 3 1 1 0 8 1 1 0 3 1 1 0 14 1 1 0 63 3 13 3 
6 3 6 0 3 1 4 0 8 1 1 0 4 1 1 0 1 1 18 3 1 0 3 2 1 0 7 3 2 0 3 1 1 0 8 1 1 0 1 1 2 0 13 1 2 0 63 3 14 3 
7 3 1 0 4 1 5 0 1 1 1 0 8 1 1 0 6 1 18 3 1 0 3 2 1 0 7 3 1 0 3 1 2 0 7 1 4 0 13 1 1 0 63 3 16 3 
8 3 1 0 10 1 1 0 8 1 1 0 5 1 17 3 1 0 3 2 2 0 7 3 1 0 12 1 3 0 12 1 3 0 63 3 16 3 
8 3 1 0 11 1 1 0 7 1 1 0 4 1 1 0 17 3 1 0 3 2 1 0 7 3 2 0 3 1 1 0 8 1 2 0 11 1 3 0 63 3 18 3 
8 3 2 0 10 1 3 0 5 1 1 0 5 1 17 3 1 0 2 2 2 0 6 3 2 0 10 1 18 0 63 3 19 3 
9 3 2 0 11 1 1 0 5 1 1 0 5 1 1 0 15 3 1 0 3 2 1 0 7 3 1 0 5 1 1 0 4 1 1 0 15 1 1 0 63 3 21 3 
10 3 1 0 11 1 2 0 4 1 1 0 5 1 1 0 15 3 1 0 3 2 1 0 6 3 1 0 5 1 1 0 5 1 1 0 14 1 1 0 63 3 22 3 
10 3 1 0 12 1 1 0 4 1 1 0 6 1 1 0 14 3 1 0 2 2 2 0 6 3 1 0 5 1 1 0 3 1 2 0 14 1 1 0 63 3 23 3 
11 3 2 0 11 1 2 0 2 1 1 0 6 1 1 0 14 3 1 0 2 2 1 0 6 3 2 0 5 1 5 0 12 1 3 0 63 3 24 3 
12 3 1 0 12 1 2 0 1 1 1 0 6 1 2 0 13 3 1 0 2 2 1 0 6 3 1 0 5 1 2 0 15 1 1 0 63 3 27 3 
12 3 2 0 12 1 1 0 1 1 1 0 7 1 1 0 13 3 1 0 2 2 1 0 5 3 2 0 5 1 1 0 1 1 1 0 12 1 2 0 63 3 28 3 
13 3 2 0 11 1 2 0 8 1 2 0 12 3 1 0 2 2 1 0 5 3 1 0 6 1 1 0 1 1 1 0 11 1 1 0 63 3 30 3 
14 3 16 0 6 1 2 0 12 3 1 0 2 2 1 0 4 3 2 0 5 1 3 0 9 1 3 0 63 3 31 3 
15 3 2 0 12 1 2 0 5 1 1 0 1 1 1 0 11 3 1 0 2 2 1 0 3 3 1 0 7 1 1 0 10 1 1 0 17 3 17 0 63 3 
16 3 2 0 12 1 1 0 5 1 1 0 1 1 1 0 11 3 1 0 2 2 1 0 3 3 1 0 7 1 1 0 9 1 1 0 12 3 7 0 16 5 7 0 56 3 
17 3 1 0 12 1 2 0 4 1 1 0 1 1 1 0 11 3 1 0 2 2 1 0 3 3 1 0 6 1 2 0 7 1 2 0 5 3 9 0 29 5 13 0 43 3 
18 3 3 0 10 1 3 0 2 1 1 0 2 1 1 0 10 3 1 0 2 2 1 0 2 3 2 0 4 1 3 0 5 1 3 0 5 3 2 0 51 5 3 0 40 3 
20 3 1 0 15 1 1 0 2 1 1 0 10 3 1 0 2 2 1 0 1 3 1 0 6 1 1 0 6 1 1 0 5 3 4 0 55 5 3 0 1 1 36 3 
20 3 2 0 11 1 1 0 3 1 1 0 2 1 1 0 9 3 1 0 2 2 1 0 1 3 1 0 5 1 1 0 6 1 1 0 4 3 2 0 62 5 2 0 35 3 
21 3 2 0 10 1 1 0 3 1 1 0 3 1 1 0 8 3 1 0 2 2 3 0 5 1 1 0 5 1 1 0 1 1 5 0 63 5 1 5 5 0 31 3 
22 3 4 0 8 1 4 0 3 1 1 0 8 3 1 0 3 2 2 0 4 1 2 0 3 1 2 0 1 3 1 1 63 5 11 5 2 0 29 3 
25 3 10 0 1 1 3 0 3 1 1 0 7 3 1 0 3 2 2 0 4 1 1 0 4 1 1 0 1 3 1 0 1 2 63 5 12 5 2 0 28 3 
26 3 2 0 6 1 2 0 1 1 2 0 3 1 1 0 7 3 1 0 3 2 2 0 3 1 2 0 3 1 1 0 2 3 1 0 63 5 15 5 1 0 27 3 
27 3 2 0 6 1 2 0 1 1 1 0 4 1 1 0 6 3 1 0 3 2 2 0 3 1 1 0 2 1 5 0 63 5 17 5 4 0 23 3 
28 3 5 0 5 1 4 0 1 1 2 0 5 3 1 0 3 2 1 0 3 1 2 0 1 1 3 0 63 5 23 5 1 0 23 3 
32 3 2 0 4 1 2 0 1 1 1 0 2 1 1 0 5 3 1 0 3 2 1 0 2 1 1 0 2 3 1 0 1 3 2 0 63 5 24 5 1 0 22 3 
33 3 8 1 2 0 1 1 1 0 6 3 1 0 2 2 1 0 2 1 1 0 1 3 1 0 1 3 1 0 63 5 27 5 1 0 21 3 
33 3 10 1 1 0 1 3 1 0 5 3 1 0 2 2 7 0 63 5 28 5 4 0 18 3 
34 3 1 0 8 1 7 0 2 3 2 0 1 3 4 0 63 5 34 5 1 0 17 3 
35 3 9 0 1 3 1 0 2 3 2 0 3 3 4 0 63 5 36 5 1 0 17 3 
41 3 15 0 63 5 37 5 1 0 17 3 
31 3 1 1 1 2 1 5 1 0 1 5 1 0 1 5 1 0 1 5 1 0 4 5 1 0 1 5 1 0 1 5 1 0 1 5 1 0 2 5 1 0 63 5 39 5 1 0 1 5 1 0 14 3 
28 3 3 0 63 5 63 5 3 5 1 0 13 3 
27 3 2 0 63 5 33 5 3 4 1 5 1 4 30 5 1 0 13 3 
24 3 3 0 63 5 30 5 1 4 1 5 2 4 1 5 2 4 1 5 3 4 30 5 2 0 11 3 
23 3 1 0 63 5 32 5 1 4 5 5 3 4 3 5 3 4 28 5 1 0 11 3 
22 3 1 0 63 5 33 5 1 4 1 5 1 4 2 5 2 4 1 5 5 4 31 5 1 0 10 3 
21 3 1 0 63 5 32 5 3 4 1 5 3 4 2 5 2 4 1 5 1 4 1 5 3 4 29 5 1 0 10 3 
18 3 3 0 63 5 30 5 1 4 3 5 3 4 1 5 1 4 3 5 1 4 1 5 5 4 2 5 1 4 28 5 1 0 9 3 
18 3 1 0 63 5 31 5 1 4 3 5 2 4 1 5 7 4 2 5 2 4 1 5 2 4 30 5 1 0 9 3 
17 3 2 0 63 5 29 5 2 4 2 5 1 4 3 5 3 4 1 5 11 4 1 5 1 4 29 5 1 0 8 3 
16 3 1 0 63 5 32 5 1 4 2 5 3 4 1 5 6 4 1 5 3 4 1 5 5 4 31 5 1 0 7 3 
14 3 3 0 63 5 30 5 1 4 1 5 4 4 2 5 3 4 1 5 15 4 29 5 2 0 6 3 
14 3 1 0 63 5 39 5 2 4 1 5 4 4 1 5 2 4 1 5 3 4 1 5 3 4 32 5 1 0 6 3 
14 3 1 0 63 5 36 5 2 4 4 5 8 4 1 5 1 4 1 5 3 4 1 5 1 4 32 5 1 0 5 3 
13 3 1 0 63 5 32 5 3 4 3 5 1 4 1 5 4 4 1 5 6 4 1 5 1 4 1 5 1 4 1 5 3 4 32 5 1 0 5 3 
12 3 1 0 63 5 34 5 1 4 2 5 1 4 1 5 2 4 1 5 8 4 1 5 5 4 3 5 2 4 31 5 2 0 4 3 
11 3 1 0 63 5 36 5 1 4 1 5 13 4 1 5 2 4 1 5 7 4 32 5 1 0 4 3 
11 3 1 0 63 5 37 5 5 4 1 5 1 4 2 5 9 4 1 5 6 4 32 5 1 0 4 3 
10 3 1 0 63 5 41 5 8 4 1 5 6 4 1 5 2 4 1 5 3 4 33 5 1 0 3 3 
9 3 2 0 63 5 38 5 5 4 1 5 6 4 1 5 4 4 1 5 4 4 1 5 2 4 33 5 1 0 3 3 
8 3 1 0 63 5 39 5 7 4 1 5 5 4 1 5 9 4 1 5 1 4 34 5 1 0 3 3 
8 3 1 0 63 5 44 5 9 4 2 5 9 4 35 5 1 0 2 3 
8 3 1 0 63 5 40 5 1 4 2 5 3 4 1 5 4 4 1 5 1 4 1 5 8 4 1 5 1 4 35 5 1 0 2 3 
7 3 2 0 63 5 42 5 1 4 1 5 8 4 1 5 7 4 1 5 3 4 35 5 1 0 1 1 1 3 
6 3 1 0 63 5 45 5 1 4 1 5 1 4 3 5 3 4 2 5 3 4 1 5 3 4 1 5 2 4 36 5 1 1 1 3 
6 3 1 0 63 5 43 5 2 4 2 5 1 4 2 5 5 4 2 5 8 4 37 5 1 1 1 3 
6 3 1 0 63 5 45 5 2 4 1 5 1 4 1 5 13 4 1 5 1 4 37 5 1 1 1 3 
5 3 2 0 63 5 52 5 1 4 1 5 10 4 38 5 1 2 1 3 
5 3 1 0 63 5 50 5 1 4 3 5 3 4 2 5 5 4 39 5 1 1 1 3 
4 3 1 0 63 5 57 5 4 4 1 5 2 4 40 5 1 2 1 3 
4 3 1 0 63 5 60 5 1 4 44 5 1 3 
4 3 1 0 63 5 63 5 41 5 2 0 
4 3 1 0 63 5 63 5 42 5 1 0 
3 3 1 0 63 5 63 5 43 5 1 0 
3 3 1 0 63 5 63 5 43 5 1 0 
2 3 2 0 63 5 63 5 43 5 1 0 
2 3 1 0 63 5 63 5 44 5 1 0 
2 3 1 0 63 5 63 5 44 5 1 0 
2 3 1 0 63 5 63 5 44 5 1 0 
1 3 1 0 63 5 63 5 45 5 1 0 
1 3 1 0 63 5 63 5 45 5 1 0 
1 3 1 0 63 5 63 5 45 5 1 0 
2 0 63 5 63 5 45 5 1 0 
1 0 63 5 63 5 46 5 1 0 
1 0 63 5 63 5 46 5 1 0 
1 0 63 5 63 5 46 5 1 0 
1 0 63 5 63 5 46 5 1 0 
1 0 63 5 63 5 46 5 1 0 
1 0 63 5 63 5 46 5 1 0 
1 0 63 5 63 5 46 5 1 0 
1 0 63 5 63 5 45 5 1 0 1 3 
1 0 63 5 63 5 46 5 1 3 
1 0 63 5 63 5 45 5 1 0 1 3 
1 0 63 5 63 5 46 5 1 3 
1 0 63 5 63 5 45 5 1 0 1 3 
1 0 63 5 63 5 45 5 1 1 1 3 
1 0 63 5 63 5 45 5 1 1 1 3 
1 0 63 5 63 5 45 5 1 1 1 3 
1 0 63 5 63 5 45 5 1 1 1 3 
1 0 63 5 63 5 45 5 1 2 1 3 
1 0 63 5 63 5 44 5 1 0 2 3 
1 0 63 5 63 5 44 5 1 0 2 3 
1 0 63 5 63 5 44 5 1 0 2 3 
1 0 63 5 63 5 43 5 1 0 3 3 
1 0 63 5 63 5 43 5 1 0 3 3 
1 0 63 5 63 5 43 5 1 0 3 3 
2 0 63 5 63 5 42 5 1 0 3 3 
1 3 1 0 63 5 63 5 41 5 1 0 4 3 
1 3 1 0 63 5 63 5 40 5 1 0 5 3 
1 3 1 0 63 5 63 5 40 5 1 0 5 3 
1 3 2 0 63 5 63 5 39 5 1 0 5 3 
2 3 1 0 63 5 63 5 38 5 1 0 6 3 
2 3 1 0 63 5 63 5 38 5 1 0 6 3 
2 3 1 0 63 5 63 5 38 5 1 0 6 3 
2 3 2 0 63 5 63 5 36 5 1 0 7 3 
3 3 1 0 63 5 63 5 35 5 1 0 8 3 
3 3 1 0 63 5 63 5 34 5 1 0 9 3 
3 3 1 0 63 5 63 5 34 5 1 0 9 3 
4 3 1 0 63 5 63 5 33 5 1 0 9 3 
4 3 1 0 63 5 63 5 32 5 1 0 10 3 
4 3 1 0 63 5 63 5 31 5 1 0 11 3 
4 3 2 0 63 5 63 5 30 5 1 0 11 3 
5 3 1 0 63 5 63 5 29 5 1 0 12 3 
6 3 1 0 63 5 63 5 27 5 1 0 13 3 
6 3 1 0 63 5 63 5 27 5 1 0 13 3 
7 3 1 0 63 5 63 5 25 5 1 0 14 3 
8 3 1 0 63 5 63 5 23 5 1 0 15 3 
8 3 1 0 63 5 63 5 23 5 1 0 15 3 
8 3 1 0 63 5 63 5 22 5 1 0 16 3 
8 3 3 0 63 5 63 5 19 5 1 0 17 3 
10 3 1 0 63 5 63 5 18 5 1 0 18 3 
10 3 1 0 63 5 63 5 17 5 1 0 19 3 
11 3 1 0 63 5 63 5 15 5 1 0 20 3 
11 3 2 0 63 5 63 5 12 5 3 0 20 3 
13 3 1 0 63 5 63 5 10 5 1 0 23 3 
13 3 1 0 63 5 63 5 10 5 1 0 23 3 
14 3 1 0 63 5 63 5 8 5 1 0 24 3 
14 3 2 0 63 5 63 5 5 5 2 0 25 3 
16 3 1 0 63 5 63 5 3 5 1 0 27 3 
17 3 1 0 63 5 63 5 1 5 1 0 28 3 
18 3 1 0 63 5 62 5 1 0 29 3 
18 3 3 0 63 5 57 5 3 0 30 3 
20 3 1 0 63 5 56 5 1 0 33 3 
21 3 1 0 63 5 54 5 1 0 34 3 
22 3 1 0 63 5 52 5 1 0 35 3 
23 3 3 0 63 5 47 5 2 0 36 3 
26 3 1 0 63 5 44 5 2 0 38 3 
27 3 1 0 63 5 42 5 1 0 40 3 
28 3 1 0 63 5 40 5 1 0 41 3 
29 3 3 0 63 5 34 5 3 0 42 3 
32 3 1 0 63 5 31 5 2 0 45 3 
33 3 2 0 63 5 27 5 2 0 47 3 
34 3 1 0 63 5 25 5 2 0 49 3 
35 3 6 0 63 5 16 5 3 0 51 3 
40 3 1 0 63 5 14 5 2 0 54 3 
41 3 2 0 63 5 10 5 2 0 56 3 
43 3 2 0 63 5 6 5 2 0 58 3 
45 3 8 0 53 5 8 0 60 3 
53 3 2 0 49 5 2 0 63 3 5 3 
55 3 6 1 1 2 1 5 1 0 33 5 1 0 1 5 1 0 1 5 1 2 2 1 63 3 7 3 
63 3 1 3 33 0 63 3 14 3 
-1
